data/1633203144.716117.jpg 537 322 823 608
data/1633203146.888543.jpg 541 321 831 611
data/1633203148.077183.jpg 566 314 856 604
data/1633203149.261973.jpg 496 312 779 595
data/1633203152.730857.jpg 586 321 873 608
data/1633203153.8990211.jpg 577 322 864 609
data/1633203155.063783.jpg 579 324 860 605
data/1633203156.223433.jpg 615 314 871 570
data/1633203157.391558.jpg 507 322 780 595
data/1633203158.5595598.jpg 551 314 841 604
data/1633203159.7334862.jpg 553 317 847 611
data/1633203160.899169.jpg 550 320 845 615
data/1633203162.057837.jpg 549 321 838 610
